Max Fitness
5
6
6
6
6
6
6
6
6
7
7
7
7
7
7
7
7
7
7
7
7
7
7
7
7
9
9
9
9
9
9
9
9
9
9
9
9
9
9
9
9
9
9
9
9
9
9
9
9
9
9
9
9
9
9
9
9
9
9
9
9
9
9
9
9
9
9
9
9
9
9
9
9
9
9
9
9
9
9
9
9
9
9
9
9
9
9
9
9
9
9
9
9
9
9
9
9
9
9
9
9
9
9
9
9
9
9
9
9
9
9
9
9
9
9
9
9
9
9
9
Reliability
5
5.5
5
4.75
5
5.2
5.2
5.2
5.2
5.5
5.5
5.5
5.571429
5.625
5.75
5.75
5.875
5.6666665
5.6666665
5.6
5.6
5.6
5.7
5.7
5.7
6
6
5.9166665
5.9166665
5.9166665
5.769231
5.769231
5.769231
5.8461537
5.923077
5.923077
5.923077
6
6
6
6.071429
6
6
5.875
5.875
5.875
5.875
5.875
5.875
5.875
5.875
5.875
5.875
5.9375
5.9375
6
6
5.882353
5.882353
5.882353
5.9444447
5.9444447
5.9444447
5.9444447
5.9444447
6
6.0526314
6.0526314
6.05
6.05
6.1
6.1
6.095238
6.142857
6.142857
6.2380953
6.2380953
6.3333335
6.2272725
6.2727275
6.2727275
6.2727275
6.2727275
6.304348
6.304348
6.3333335
6.3333335
6.3333335
6.3333335
6.3333335
6.32
6.32
6.32
6.32
6.32
6.3076925
6.4074073
6.4074073
6.4074073
6.4074073
6.4074073
6.321429
6.321429
6.321429
6.321429
6.413793
6.413793
6.3
6.366667
6.366667
6.366667
6.366667
6.366667
6.366667
6.290323
6.290323
6.290323
6.290323
6.354839
6.354839
