Coverage
0.06666667
0.13333334
0.2
0.26666668
0.26666668
0.33333334
0.33333334
0.33333334
0.33333334
0.4
0.4
0.4
0.46666667
0.53333336
0.53333336
0.53333336
0.53333336
0.6
0.6
0.6666667
0.6666667
0.6666667
0.6666667
0.6666667
0.6666667
0.73333335
0.73333335
0.8
0.8
0.8
0.8666667
0.8666667
0.8666667
0.8666667
0.8666667
0.8666667
0.8666667
0.8666667
0.8666667
0.8666667
0.93333334
1
1
1.0666667
1.0666667
1.0666667
1.0666667
1.0666667
1.0666667
1.0666667
1.0666667
1.0666667
1.0666667
1.0666667
1.0666667
1.0666667
1.0666667
1.1333333
1.1333333
1.1333333
1.2
1.2
1.2
1.2
1.2
1.2666667
1.2666667
1.2666667
1.3333334
1.3333334
1.3333334
1.3333334
1.4
1.4
1.4
1.4
1.4
1.4
1.4666667
1.4666667
1.4666667
1.4666667
1.4666667
1.5333333
1.5333333
1.6
1.6
1.6
1.6
1.6
1.6666666
1.6666666
1.6666666
1.6666666
1.6666666
1.7333333
1.8
1.8
1.8
1.8
1.8
1.8666667
1.8666667
1.8666667
1.8666667
1.9333333
1.9333333
2
2
2
2
2
2
2
2.0666666
2.0666666
2.0666666
2.0666666
2.0666666
2.0666666
